1 3 5 4 2
4 4 10 8 4
8 9 13 10 5
11 14 17 11 7
12 19 20 13 11
13 23 23 18 13
14 26 28 20 17
15 29 33 22 21
17 32 38 26 22
20 36 43 28 23
21 39 47 33 25
25 40 49 38 28
30 42 53 39 31
35 43 56 41 35
40 46 60 43 36
43 51 62 44 40
46 53 66 45 45
49 55 70 46 50
53 58 72 47 55
57 59 74 50 60
59 64 77 54 61
63 65 79 57 66
66 70 81 58 70
68 75 82 62 73
71 77 83 66 78
72 80 85 71 82
74 83 86 75 87
76 86 90 76 92
79 90 92 77 97
81 95 96 78 100
86 98 100 80 101
90 103 103 81 103
93 107 104 86 105
98 111 106 89 106
103 115 107 92 108
104 119 112 95 110
106 123 117 98 111
108 127 122 101 112
110 132 126 102 115
113 137 130 104 116
116 142 134 106 117
119 147 138 108 118
122 152 139 110 122
127 153 141 114 125
129 157 146 117 126
133 162 148 118 129
136 166 149 120 134
140 169 150 122 139
142 173 151 125 144
144 177 154 126 149
146 178 158 129 154
151 182 161 131 155
153 187 164 135 156
155 191 165 140 159
160 195 167 143 160
165 198 171 145 161
168 200 176 149 162
170 203 180 154 163
172 207 181 159 166
176 212 183 162 167
177 214 186 166 172
179 215 190 169 177
183 220 191 171 180
186 225 195 172 182
187 227 200 176 185
189 231 205 177 188
190 235 210 179 191
192 238 215 180 195
197 240 216 183 199
200 241 218 187 204
201 243 222 192 207
204 247 224 197 208
205 249 228 202 211
209 252 230 207 212
214 256 232 208 215
219 258 236 211 216
224 260 239 212 220
227 262 244 213 224
229 263 249 216 228
234 264 252 218 232
239 266 255 219 236
242 268 259 224 237
247 271 260 228 239
252 275 263 230 240
257 278 267 231 242
262 281 268 235 244
265 286 269 237 248
269 291 270 240 250
271 296 273 244 251
274 300 278 245 253
275 304 283 248 255
278 306 288 249 259
283 310 291 251 260
288 312 294 252 264
293 316 295 254 267
298 320 296 257 269
301 322 297 261 274
303 326 300 262 279
304 330 302 265 284
305 332 307 268 288
307 333 311 271 293
310 334 316 273 297
313 336 321 277 298
316 338 326 281 299
317 342 331 284 301
320 346 336 285 303
322 349 340 286 308
325 351 344 287 313
328 355 345 289 318
331 360 346 291 322
332 365 350 293 325
334 370 354 296 326
337 375 358 297 328
341 376 363 299 331
344 381 367 301 332
349 385 370 302 334
350 387 373 306 339
352 390 374 310 344
353 392 377 315 348
356 394 378 320 352
361 397 379 322 356
366 401 380 325 358
368 406 384 328 359
369 410 389 330 362
370 412 392 335 366
372 413 395 340 370
374 414 398 345 374
375 417 400 349 379
377 420 401 353 384
382 422 402 357 387
387 425 403 361 389
392 427 406 365 390
397 428 409 369 392
400 433 411 373 393
402 438 414 377 394
405 443 415 379 398
408 448 419 380 400
409 453 423 383 402
411 458 427 386 403
414 462 428 388 408
418 465 430 389 413
421 470 432 390 417
426 473 434 391 421
430 478 437 393 422
431 483 441 395 425
432 487 446 397 428
433 492 450 400 430
436 496 455 402 431
438 497 460 406 434
439 501 465 409 436
443 503 470 410 439
445 506 475 411 443
447 507 480 414 447
448 511 482 419 450
450 514 486 424 451
455 517 488 428 452
459 519 489 433 455
462 524 490 437 457
464 527 491 441 462
466 528 494 445 467
467 530 497 449 472
469 533 502 453 473
472 537 504 454 478
474 542 508 455 481
476 546 513 456 484
481 550 516 458 485
484 555 520 459 487
486 560 524 460 490
491 561 527 462 494
496 563 531 465 495
497 566 533 470 499
502 567 535 473 503
504 572 538 477 504
508 577 539 479 507
513 579 540 483 510
517 581 543 488 511
521 583 546 493 512
526 587 547 496 514
530 590 552 497 516
535 592 556 498 519
538 594 561 502 520
540 595 565 505 525
541 598 570 507 529
542 601 574 509 534
543 604 579 511 538
547 606 584 514 539
550 607 586 518 544
552 612 587 521 548
555 616 592 522 550
557 620 595 523 555
559 623 596 528 559
561 628 597 532 562
564 632 599 533 567
569 634 600 536 571
571 637 601 540 576
575 642 602 542 579
577 646 607 543 582
579 647 612 546 586
580 652 615 548 590
581 657 618 550 594
585 660 623 551 596
588 661 628 555 598
593 662 632 557 601
596 666 637 558 603
598 667 640 562 608
602 670 642 563 613
606 675 644 564 616
609 680 648 566 617
614 681 651 568 621
617 685 656 569 623
620 687 660 574 624
625 689 663 578 625
630 693 664 581 627
634 698 665 583 630
639 701 669 585 631
644 702 672 589 633
648 704 677 592 634
649 706 681 597 637
652 711 683 601 638
656 714 684 603 643
661 716 687 604 647
666 717 689 607 651
667 722 693 610 653
668 725 697 615 655
673 727 698 618 659
676 729 703 622 660
678 732 707 627 661
683 733 709 630 665
686 734 711 634 670
689 735 713 638 675
694 739 715 641 676
697 741 720 642 680
701 742 722 645 685
703 747 725 649 686
705 751 730 652 687
707 756 734 655 688
710 760 739 657 689
715 763 740 661 691
720 765 744 664 692
722 770 748 667 693
725 775 749 671 695
728 776 753 676 697
733 777 757 679 699
735 778 761 682 704
737 779 764 686 709
739 782 765 691 713
742 786 767 692 718
745 791 771 694 719
747 794 772 698 724
750 795 777 700 728
752 796 782 703 732
756 799 787 704 734
757 804 791 706 737
758 807 793 710 742
760 808 796 715 746
762 809 800 720 749
764 813 801 725 752
765 815 805 730 755
767 816 808 735 759
771 817 811 740 761
776 819 812 744 764
778 822 816 749 765
781 826 821 751 766
786 830 824 752 768
787 834 826 755 773
790 835 830 757 778
793 840 834 759 779
797 845 837 761 780
801 850 839 764 781
802 853 843 766 786
805 854 845 770 791
810 857 846 772 795
813 862 847 774 799
817 865 849 775 804
818 867 853 778 809
819 870 857 780 814
823 873 859 781 819
827 875 860 784 824
830 879 861 786 829
834 881 862 789 834
838 882 864 794 837
841 883 866 798 842
842 887 869 800 847
846 889 874 801 850
850 890 877 806 852
853 891 882 808 856
855 892 887 812 859
860 893 891 815 861
865 894 895 817 864
870 895 898 819 868
875 896 900 822 872
880 898 904 825 873
884 901 909 827 874
888 906 910 829 877
889 909 912 834 881
891 910 916 839 884
894 914 917 844 886
897 919 918 848 888
899 924 922 851 889
902 928 927 853 890
906 933 928 856 892
910 935 931 857 897
912 936 935 860 902
917 939 936 862 906
921 944 937 864 909
924 949 938 868 911
927 954 942 870 912
928 957 944 875 916
929 961 946 880 919
933 964 947 882 924
938 966 948 885 928
943 968 951 886 932
947 970 956 887 935
952 971 960 890 937
953 974 965 894 939
957 977 970 895 941
960 982 974 896 943
962 986 979 899 944
965 991 981 900 948
968 995 986 901 950
971 999 988 902 955
974 1004 990 906 956
978 1006 993 907 961
981 1007 995 911 966
982 1011 997 914 971
986 1012 999 917 976
991 1015 1000 919 980
995 1017 1001 922 985
997 1020 1002 926 990
1001 1021 1004 929 995
1005 1026 1007 930 997
1007 1031 1011 931 1000
1010 1035 1013 932 1005
1014 1040 1014 934 1008
1019 1043 1018 935 1010
1022 1047 1023 937 1011
1024 1052 1026 938 1015
1026 1056 1029 943 1016
1029 1060 1030 948 1018
1032 1065 1031 950 1022
1035 1070 1033 954 1023
1037 1075 1036 958 1024
1042 1079 1038 959 1027
1047 1080 1040 962 1031
1050 1081 1045 964 1035
1052 1082 1050 967 1039
1056 1083 1055 969 1042
1060 1084 1060 971 1045
1065 1086 1064 974 1046
1068 1087 1069 978 1048
1073 1090 1073 980 1049
1076 1091 1075 985 1053
1077 1093 1078 990 1057
1078 1098 1080 994 1060
1081 1103 1084 995 1062
1084 1108 1088 997 1063
1088 1113 1089 1000 1065
1091 1118 1091 1004 1066
1095 1123 1094 1006 1067
1100 1127 1095 1009 1069
1102 1132 1096 1012 1073
1106 1135 1098 1013 1078
1110 1138 1100 1014 1083
1111 1143 1102 1017 1087
1113 1148 1103 1020 1091
1118 1149 1105 1023 1095
1123 1150 1107 1027 1098
1128 1151 1111 1029 1101
1132 1154 1116 1031 1102
1137 1157 1120 1033 1103
1142 1159 1121 1037 1106
1147 1162 1125 1039 1107
1148 1165 1127 1043 1112
1152 1168 1129 1044 1117
1157 1170 1130 1048 1120
1159 1174 1133 1053 1121
1162 1175 1137 1055 1126
1165 1176 1141 1057 1131
1169 1178 1146 1058 1134
1173 1181 1151 1059 1136
1174 1184 1153 1063 1141
1179 1186 1154 1067 1144
1183 1188 1159 1068 1147
1184 1190 1162 1073 1151
1188 1193 1164 1074 1156
1190 1194 1167 1078 1161
1195 1195 1170 1080 1165
1199 1196 1173 1085 1167
1202 1201 1177 1087 1168
1207 1205 1180 1088 1170
1212 1206 1184 1091 1172
1217 1207 1187 1093 1176
1222 1209 1190 1094 1180
1226 1210 1192 1099 1183
1231 1211 1194 1102 1187
1236 1214 1196 1103 1191
1241 1215 1198 1106 1195
1244 1216 1202 1111 1197
1247 1217 1206 1116 1199
